## htsjdk.samtools.metrics.StringHeader
# CollectMultipleMetrics --INPUT /mnt/singularity-test-environment/input/240903_NB501792_0591_AHGMFGAFX7-47anthcof-240904T0700NA/ngs_pipeline_workdir/results/alignments/47anthcof-110530629871-Normal_Blood_noinfo-BCM_v4_TwistUDI_X-240903_NB501792_AHGMFGAFX7-RHGM_LABKA_BCM-noinfo.cram --OUTPUT /mnt/singularity-test-environment/output/align_picard/picardsample1 --PROGRAM CollectAlignmentSummaryMetrics --PROGRAM CollectInsertSizeMetrics --PROGRAM QualityScoreDistribution --PROGRAM MeanQualityByCycle --PROGRAM CollectBaseDistributionByCycle --PROGRAM CollectGcBiasMetrics --PROGRAM CollectSequencingArtifactMetrics --PROGRAM CollectQualityYieldMetrics --REFERENCE_SEQUENCE /mnt/singularity-test-environment/shared/resources/human_ref.fasta --ASSUME_SORTED true --STOP_AFTER 0 --METRIC_ACCUMULATION_LEVEL ALL_READS --INCLUDE_UNPAIRED false --VERBOSITY INFO --QUIET false --VALIDATION_STRINGENCY STRICT --COMPRESSION_LEVEL 2 --MAX_RECORDS_IN_RAM 500000 --CREATE_INDEX false --CREATE_MD5_FILE false --GA4GH_CLIENT_SECRETS client_secrets.json --help false --version false --showHidden false --USE_JDK_DEFLATER false --USE_JDK_INFLATER false
## htsjdk.samtools.metrics.StringHeader
# Started on: Tue Nov 12 13:17:27 GMT 2024

## METRICS CLASS	picard.analysis.BaseDistributionByCycleMetrics
READ_END	CYCLE	PCT_A	PCT_C	PCT_G	PCT_T	PCT_N
1	1	20.15811	29.735294	29.722916	20.366169	0.017511
1	2	30.928302	19.160452	19.065364	30.844143	0.001739
1	3	28.295024	21.624626	21.500643	28.579501	0.000207
1	4	29.450154	20.539538	20.428306	29.582002	0
1	5	28.828543	21.135484	21.03845	28.997524	0
1	6	28.724555	21.227757	21.130475	28.902229	0.014986
1	7	30.650862	19.290272	19.209921	30.848903	0.000041
1	8	27.694732	22.3234	22.180582	27.800624	0.000662
1	9	27.950273	22.037308	21.996326	28.016093	0
1	10	29.320872	20.601095	20.54227	29.535762	0
1	11	24.585724	25.273569	25.30975	24.830957	0
1	12	25.707323	24.229713	24.224124	25.83884	0
1	13	27.863464	22.119522	22.026752	27.990262	0
1	14	27.910325	22.125442	21.983824	27.980409	0
1	15	27.759641	22.242346	22.252819	27.745194	0
1	16	27.804598	22.242097	22.085039	27.868266	0
1	17	27.651762	22.313465	22.252322	27.782451	0
1	18	27.546656	22.384212	22.357304	27.711828	0
1	19	27.463201	22.512707	22.296368	27.727725	0
1	20	27.483195	22.550833	22.391249	27.574723	0
1	21	27.325101	22.641657	22.55253	27.480711	0
1	22	27.488535	22.446348	22.42209	27.643027	0
1	23	27.493254	22.509147	22.320295	27.677304	0
1	24	27.76167	22.241393	22.242842	27.754094	0
1	25	27.680036	22.264534	22.324435	27.730995	0
1	26	27.680533	22.222972	22.281341	27.815154	0
1	27	27.586852	22.374732	22.365956	27.67246	0
1	28	27.602836	22.321491	22.27463	27.801043	0
1	29	27.54887	22.421759	22.350267	27.679104	0
1	30	27.668033	22.324992	22.191984	27.814991	0
1	31	27.670043	22.240064	22.190885	27.899008	0
1	32	27.656229	22.368381	22.347931	27.627458	0
1	33	27.679119	22.359918	22.290123	27.67084	0
1	34	27.667353	22.286613	22.230893	27.815141	0
1	35	27.605111	22.361129	22.282433	27.751327	0
1	36	27.685594	22.359115	22.250819	27.704472	0
1	37	27.548679	22.390818	22.295851	27.764652	0
1	38	27.616468	22.333358	22.338657	27.711518	0
1	39	27.558286	22.365934	22.309136	27.766644	0
1	40	27.609115	22.313014	22.330733	27.747055	0.000083
1	41	27.536537	22.441522	22.352555	27.669386	0
1	42	27.692693	22.392714	22.263838	27.650756	0
1	43	27.643798	22.412671	22.246119	27.697411	0
1	44	27.675463	22.360472	22.331161	27.632904	0
1	45	27.625408	22.332694	22.212714	27.829184	0
1	46	27.732864	22.230144	22.236106	27.800887	0
1	47	27.68541	22.259959	22.264347	27.790284	0
1	48	27.567585	22.415791	22.234234	27.78239	0
1	49	27.700533	22.278805	22.189783	27.830878	0
1	50	27.573903	22.357361	22.335374	27.733362	0
1	51	27.636528	22.358544	22.316514	27.688413	0
1	52	27.613439	22.315396	22.287361	27.783803	0
1	53	27.569603	22.340655	22.320735	27.769007	0
1	54	27.601999	22.210345	22.329002	27.858654	0
1	55	27.701257	22.189768	22.251359	27.857616	0
1	56	27.665979	22.253929	22.183634	27.896457	0
1	57	27.77123	22.218392	22.112794	27.897583	0
1	58	27.712068	22.197381	22.230361	27.860189	0
1	59	27.627866	22.228199	22.269678	27.874257	0
1	60	27.696867	22.311774	22.225984	27.765374	0
1	61	27.713677	22.331504	22.238323	27.716496	0
1	62	27.702741	22.305986	22.237622	27.753652	0
1	63	27.734307	22.23422	22.219168	27.812305	0
1	64	27.723024	22.251365	22.19865	27.82696	0
1	65	27.77799	22.153062	22.089299	27.979649	0
1	66	27.832241	22.134168	22.186038	27.847553	0
1	67	27.797461	22.146421	22.044521	28.011597	0
1	68	27.616088	22.255618	22.201476	27.926818	0
1	69	27.74841	22.118325	22.234581	27.898351	0.000332
1	70	27.699235	22.226807	22.225311	27.848648	0
1	71	27.86372	22.111777	22.198691	27.825812	0
1	72	27.724476	22.301702	22.147627	27.826195	0
1	73	27.792277	22.177746	22.142048	27.887929	0
1	74	27.762406	22.176464	22.149948	27.911182	0
1	75	27.773742	22.216886	22.22026	27.789111	0
1	76	27.776488	22.133932	22.148976	27.940603	0
1	77	27.745112	22.273528	22.180702	27.800491	0.000167
1	78	27.69833	22.233944	22.213413	27.854314	0
1	79	27.744502	22.301681	22.148684	27.805133	0
1	80	27.734082	22.286192	22.230068	27.749658	0
1	81	27.780792	22.15215	22.131976	27.935081	0
1	82	27.730328	22.156632	22.196164	27.916834	0.000042
1	83	27.636383	22.280916	22.195224	27.886724	0.000753
1	84	27.709839	22.15493	22.241359	27.893788	0.000084
1	85	27.737506	22.192828	22.237569	27.831888	0.000209
1	86	27.712561	22.185504	22.238044	27.863723	0.000168
1	87	27.742521	22.194873	22.175691	27.886915	0
1	88	27.820163	22.145234	22.133595	27.901008	0
1	89	27.665705	22.248677	22.223223	27.862311	0.000084
1	90	27.675319	22.175782	22.191034	27.957865	0
1	91	27.613058	22.218053	22.130348	28.038541	0
1	92	27.704659	22.217385	22.206185	27.871771	0
1	93	27.854821	22.208557	22.125224	27.811398	0
1	94	27.81012	22.21586	22.146396	27.827624	0
1	95	27.752507	22.180892	22.160093	27.906465	0.000042
1	96	27.746308	22.201869	22.198382	27.853441	0
1	97	27.70901	22.207216	22.177238	27.906535	0
1	98	27.976608	21.952745	22.026934	28.043713	0
1	99	28.364151	21.677328	21.523647	28.434874	0
1	100	29.310628	20.610394	20.535079	29.543852	0.000047
1	101	34.962279	14.780663	14.911879	35.345179	0
2	102	19.947774	29.973945	29.966287	20.066375	0.045619
2	103	30.70149	19.265517	19.231199	30.777536	0.024258
2	104	28.160733	21.831195	21.707295	28.284385	0.016393
2	105	29.1877	20.79599	20.709637	29.299305	0.007369
2	106	28.62127	21.337665	21.3079	28.729481	0.003684
2	107	28.640478	21.306534	21.258887	28.792735	0.001366
2	108	30.690727	19.36462	19.199655	30.739037	0.005961
2	109	27.713898	22.354448	22.154626	27.775538	0.00149
2	110	27.929036	22.099113	21.893124	28.078147	0.00058
2	111	29.307625	20.566777	20.57932	29.545325	0.000952
2	112	24.654111	25.292074	25.221285	24.832158	0.000373
2	113	25.711752	24.204875	24.224414	25.858172	0.000787
2	114	27.907303	22.094767	21.997775	28.000073	0.000083
2	115	27.953667	22.072371	21.95021	28.023628	0.000124
2	116	27.696387	22.241766	22.249673	27.812008	0.000166
2	117	27.770943	22.244622	22.080857	27.903122	0.000455
2	118	27.658013	22.260394	22.249714	27.831506	0.000373
2	119	27.512752	22.407973	22.363389	27.715596	0.00029
2	120	27.561062	22.407394	22.299307	27.73203	0.000207
2	121	27.449664	22.573394	22.374318	27.593931	0.008693
2	122	27.470155	22.527154	22.464976	27.537342	0.000373
2	123	27.598567	22.315121	22.437282	27.648574	0.000455
2	124	27.621294	22.428009	22.286433	27.664222	0.000041
2	125	27.793504	22.275256	22.137612	27.793421	0.000207
2	126	27.743248	22.17044	22.171557	27.913927	0.000828
2	127	27.757613	22.172841	22.193994	27.875262	0.00029
2	128	27.647912	22.282873	22.346417	27.722674	0.000124
2	129	27.547093	22.29974	22.312448	27.840429	0.00029
2	130	27.615744	22.2925	22.292293	27.797145	0.002318
2	131	27.622154	22.317904	22.204849	27.854679	0.000414
2	132	27.739247	22.204495	22.170964	27.885046	0.000248
2	133	27.70752	22.302684	22.279833	27.709549	0.000414
2	134	27.65351	22.32457	22.219835	27.801464	0.000621
2	135	27.723639	22.243533	22.141943	27.89014	0.000745
2	136	27.692453	22.254517	22.17433	27.878411	0.00029
2	137	27.741421	22.252038	22.1911	27.813246	0.002194
2	138	27.632381	22.359153	22.249076	27.7591	0.00029
2	139	27.667624	22.302424	22.233414	27.79629	0.000248
2	140	27.646152	22.271652	22.292517	27.789224	0.000455
2	141	27.627484	22.333166	22.290815	27.747623	0.000911
2	142	27.624381	22.358066	22.288805	27.727092	0.001656
2	143	27.651244	22.327312	22.247908	27.772998	0.000538
2	144	27.688715	22.34281	22.183339	27.784266	0.000869
2	145	27.726948	22.281829	22.304268	27.686334	0.000621
2	146	27.716732	22.256378	22.173493	27.851409	0.001987
2	147	27.727388	22.238705	22.145261	27.885169	0.003478
2	148	27.693445	22.215262	22.198163	27.892716	0.000414
2	149	27.64952	22.307854	22.17412	27.868049	0.000455
2	150	27.696028	22.239442	22.169136	27.894856	0.000538
2	151	27.620731	22.308422	22.227886	27.84176	0.001201
2	152	27.716544	22.264988	22.229542	27.788636	0.00029
2	153	27.644467	22.276709	22.188547	27.888787	0.001491
2	154	27.630675	22.364272	22.268153	27.736071	0.000828
2	155	27.704629	22.216847	22.219291	27.856623	0.002609
2	156	27.771484	22.161893	22.121882	27.944326	0.000414
2	157	27.752284	22.189185	22.164249	27.894116	0.000166
2	158	27.791557	22.199889	22.059866	27.948357	0.000331
2	159	27.73427	22.180671	22.141559	27.941843	0.001657
2	160	27.652911	22.25371	22.183101	27.909781	0.000497
2	161	27.710434	22.274542	22.149673	27.865267	0.000083
2	162	27.755881	22.187561	22.206545	27.848562	0.001451
2	163	27.745786	22.260059	22.229878	27.763862	0.000415
2	164	27.789798	22.129469	22.179393	27.90047	0.000871
2	165	27.770511	22.194195	22.196725	27.838363	0.000207
2	166	27.843355	22.113874	22.03298	28.009624	0.000166
2	167	27.802917	22.129384	22.225321	27.842171	0.000207
2	168	27.812306	22.121159	22.04736	28.017431	0.001743
2	169	27.755824	22.164793	22.136976	27.942034	0.000374
2	170	27.813421	22.100957	22.104072	27.981218	0.000332
2	171	27.666173	22.278443	22.183711	27.871508	0.000166
2	172	27.858276	22.093467	22.097166	27.950966	0.000125
2	173	27.710496	22.214506	22.119193	27.955805	0
2	174	27.789148	22.168894	22.109274	27.932643	0.000042
2	175	27.765641	22.138617	22.126545	27.969196	0
2	176	27.812336	22.222546	22.114715	27.850279	0.000125
2	177	27.759265	22.107544	22.156553	27.976637	0
2	178	27.761626	22.242836	22.145007	27.850489	0.000042
2	179	27.681753	22.279961	22.202262	27.835523	0.000501
2	180	27.831576	22.230495	22.130238	27.807274	0.000418
2	181	27.768085	22.192787	22.249996	27.788714	0.000418
2	182	27.786892	22.123643	22.096495	27.992928	0.000042
2	183	27.77876	22.167187	22.142364	27.911397	0.000293
2	184	27.697163	22.219741	22.154083	27.928804	0.000209
2	185	27.781977	22.150221	22.183494	27.884224	0.000084
2	186	27.772867	22.09392	22.184907	27.947301	0.001005
2	187	27.704371	22.165392	22.160277	27.969917	0.000042
2	188	27.804366	22.2149	22.051411	27.929071	0.000252
2	189	27.832782	22.099254	22.116692	27.951273	0
2	190	27.657969	22.216384	22.229973	27.895674	0
2	191	27.797063	22.057687	22.123455	28.021712	0.000084
2	192	27.71027	22.164232	22.047281	28.078132	0.000084
2	193	27.813905	22.158097	22.136458	27.891498	0.000042
2	194	27.892072	22.095994	22.099041	27.912894	0
2	195	27.792368	22.210958	22.068476	27.928155	0.000042
2	196	27.786133	22.107645	22.114564	27.991616	0.000042
2	197	27.789712	22.159829	22.149579	27.900795	0.000085
2	198	27.766549	22.140921	22.151794	27.940694	0.000043
2	199	27.980422	21.939492	21.99324	28.086845	0
2	200	28.297453	21.668623	21.537987	28.495937	0
2	201	29.280446	20.621358	20.595942	29.50216	0.000094
2	202	34.877485	14.93886	14.922155	35.2615	0


